0.32098765432098764 47.91666666666667 
0.17185185185185187 76.0 
0.15407407407407409 82.6086956521739 
0.3061728395061728 50.0 
0.16987654320987655 54.285714285714285 
0.2849382716049383 55.00000000000001 
0.41234567901234565 41.07142857142857 
0.28246913580246913 52.5 
0.35259259259259257 51.11111111111111 
0.3377777777777778 51.11111111111111 
0.35703703703703704 51.11111111111111 
0.2829629629629629 52.5 
0.14617283950617282 51.724137931034484 
0.1382716049382716 57.692307692307686 
0.09037037037037036 93.75 
0.10271604938271604 83.33333333333334 
0.08987654320987655 93.75 
0.145679012345679 55.55555555555556 
0.13580246913580246 59.25925925925925 
0.07555555555555556 80.0 
0.07209876543209877 80.0 
0.26814814814814814 18.51851851851852 
0.07802469135802469 75.0 
0.08148148148148147 70.58823529411765 
19.750617283950618 87.98449612403101 
19.638024691358027 87.59689922480621 
21.506172839506174 61.86666666666667 
22.092345679012347 73.15789473684211 
22.632098765432097 70.86614173228347 
20.030617283950615 86.36363636363636 
19.310123456790123 88.58267716535433 
19.362469135802467 88.58267716535433 
19.796543209876543 88.32684824902724 
19.956543209876543 88.671875 
19.88 88.32684824902724 
19.232592592592592 88.58267716535433 
0.47456790123456793 21.12676056338028 
0.09481481481481481 57.14285714285714 
0.08641975308641976 63.1578947368421 
25.15506172839506 77.96052631578947 
0.09185185185185185 60.0 
0.1511111111111111 40.0 
25.47506172839506 76.15894039735099 
0.09530864197530865 68.42105263157895 
0.0928395061728395 68.42105263157895 
26.424691358024692 58.57461024498887 
0.09777777777777777 65.0 
0.2454320987654321 13.28125 
17.226172839506173 69.6551724137931 
17.188148148148148 69.3103448275862 
17.331358024691358 69.41580756013745 
16.93135802469136 69.55017301038062 
17.211851851851854 69.6551724137931 
17.17827160493827 69.6551724137931 
16.837530864197532 69.55017301038062 
16.842469135802467 69.55017301038062 
16.784197530864198 69.55017301038062 
16.98962962962963 69.3103448275862 
16.75012345679012 69.55017301038062 
16.782222222222224 69.55017301038062 
19.770864197530862 83.96946564885496 
19.861234567901235 84.03041825095056 
20.247901234567898 83.45864661654136 
20.098765432098766 84.03041825095056 
20.18864197530864 83.77358490566039 
19.82814814814815 83.96946564885496 
19.926913580246914 83.65019011406845 
20.034074074074073 83.65019011406845 
20.141234567901233 87.87878787878788 
20.068641975308644 84.03041825095056 
20.12641975308642 87.87878787878788 
20.048395061728392 83.33333333333334 
0.19851851851851854 74.07407407407408 
0.19506172839506172 74.07407407407408 
0.2034567901234568 77.77777777777779 
0.20148148148148148 77.77777777777779 
0.20246913580246914 74.07407407407408 
0.1960493827160494 74.07407407407408 
0.2232098765432099 65.625 
0.16543209876543208 70.37037037037037 
0.17925925925925926 74.07407407407408 
0.1906172839506173 65.51724137931035 
0.1693827160493827 76.92307692307693 
0.1595061728395062 73.07692307692307 
0.29728395061728397 14.788732394366196 
0.2054320987654321 51.42857142857142 
0.22172839506172842 54.285714285714285 
0.9649382716049383 100.0 
0.41234567901234565 15.54054054054054 
0.20938271604938274 51.42857142857142 
0.2740740740740741 47.5 
0.20641975308641974 57.57575757575758 
0.1965432098765432 48.57142857142857 
0.2454320987654321 51.35135135135135 
0.19506172839506172 48.57142857142857 
0.2202469135802469 52.77777777777778 
0.5535802469135802 84.44444444444444 
0.5466666666666666 84.44444444444444 
0.5456790123456791 84.44444444444444 
0.5328395061728396 84.44444444444444 
0.5535802469135802 84.44444444444444 
0.5407407407407407 86.36363636363636 
0.5762962962962963 83.33333333333334 
0.5753086419753086 83.33333333333334 
0.5511111111111111 81.25 
0.5590123456790124 81.25 
0.5362962962962963 81.25 
0.5649382716049383 81.25 
12.219259259259259 62.839879154078545 
0.21283950617283948 18.181818181818183 
0.23259259259259257 19.00826446280992 
0.3851851851851852 87.6923076923077 
0.23012345679012344 19.00826446280992 
0.21185185185185187 54.285714285714285 
0.11851851851851852 58.333333333333336 
0.10469135802469137 63.63636363636363 
0.22271604938271602 56.25 
0.8661728395061729 75.91623036649214 
0.18024691358024691 53.333333333333336 
0.1091358024691358 60.86956521739131 
0.22814814814814816 63.33333333333333 
0.23061728395061729 66.66666666666666 
0.17382716049382715 62.06896551724138 
0.20641975308641974 63.33333333333333 
0.18814814814814815 62.06896551724138 
0.22864197530864197 63.33333333333333 
0.291358024691358 61.111111111111114 
0.28987654320987655 61.111111111111114 
0.2508641975308642 58.82352941176471 
0.2548148148148148 55.88235294117647 
0.254320987654321 58.82352941176471 
0.28987654320987655 61.111111111111114 
0.13777777777777778 100.0 
0.13777777777777778 100.0 
0.13679012345679012 100.0 
0.14271604938271604 95.23809523809523 
0.13876543209876543 100.0 
0.13777777777777778 100.0 
0.28641975308641976 66.66666666666666 
0.28098765432098766 70.58823529411765 
0.25679012345679014 69.6969696969697 
0.2671604938271605 67.64705882352942 
0.27061728395061724 67.64705882352942 
0.28641975308641976 68.57142857142857 
10.582222222222223 95.23809523809523 
9.037037037037036 86.7579908675799 
5.276543209876543 85.71428571428571 
16.435061728395063 86.48648648648648 
10.866172839506174 96.1038961038961 
7.707654320987654 86.3013698630137 
0.3506172839506173 77.77777777777779 
0.3279012345679012 82.35294117647058 
0.27111111111111114 78.78787878787878 
0.25876543209876546 78.125 
0.2607407407407407 80.64516129032258 
0.3051851851851852 76.47058823529412 
0.32493827160493827 39.21568627450981 
0.2874074074074074 36.734693877551024 
0.2232098765432099 40.0 
0.29530864197530865 36.0 
0.22370370370370368 40.0 
0.23308641975308642 42.857142857142854 
0.277037037037037 37.5 
0.2671604938271605 36.17021276595745 
0.2582716049382716 36.17021276595745 
0.29975308641975307 38.775510204081634 
0.2459259259259259 38.63636363636363 
0.25530864197530867 36.17021276595745 
15.465679012345678 95.98214285714286 
16.72246913580247 94.2982456140351 
18.164444444444445 61.64772727272727 
18.581728395061727 65.33333333333333 
18.152098765432097 61.64772727272727 
16.296790123456788 94.2982456140351 
1.0424691358024691 47.783251231527096 
0.6301234567901235 38.12154696132597 
2.5239506172839503 97.65258215962442 
4.35604938271605 96.74418604651163 
1.6587654320987653 91.30434782608695 
0.38567901234567903 40.0 
14.41185185185185 58.4375 
14.46716049382716 58.75 
15.398024691358025 63.46749226006192 
15.91358024691358 59.006211180124225 
15.316049382716049 58.69565217391305 
13.755555555555555 58.4375 
0.7377777777777778 81.06060606060606 
3.9491358024691356 56.875 
13.434074074074074 58.56697819314641 
15.313086419753086 58.69565217391305 
15.015802469135803 58.69565217391305 
2.7580246913580244 55.83596214511041 
0.514567901234568 94.87179487179486 
0.5022222222222222 97.36842105263158 
0.4908641975308642 97.36842105263158 
0.5046913580246914 97.36842105263158 
0.48 94.73684210526315 
0.5111111111111112 94.87179487179486 
0.9180246913580248 94.5945945945946 
2.201481481481481 72.89719626168224 
3.3353086419753084 63.905325443786985 
3.8459259259259264 55.917159763313606 
2.325925925925926 72.89719626168224 
0.9743209876543211 94.5945945945946 
22.679506172839506 69.64285714285714 
22.700246913580248 69.43620178041543 
23.134320987654323 71.46974063400576 
22.54222222222222 70.39274924471299 
23.097283950617285 71.46974063400576 
22.638024691358023 70.05988023952095 
22.336296296296297 70.39274924471299 
9.19506172839506 70.51671732522796 
0.12444444444444445 85.0 
22.514074074074074 70.05988023952095 
0.1960493827160494 34.41558441558442 
22.401975308641976 70.05988023952095 
0.9308641975308642 92.5925925925926 
0.8666666666666666 92.5925925925926 
0.871604938271605 94.33962264150944 
0.8607407407407407 94.33962264150944 
0.8439506172839506 94.33962264150944 
0.8587654320987655 94.33962264150944 
14.995555555555557 98.09160305343512 
15.710617283950617 98.85496183206108 
16.068641975308644 74.85875706214689 
16.396543209876544 74.85875706214689 
16.400493827160496 74.85875706214689 
14.901728395061728 98.47328244274809 
0.20987654320987653 38.46153846153847 
0.13481481481481483 57.692307692307686 
0.12049382716049382 60.86956521739131 
0.1308641975308642 56.00000000000001 
0.12395061728395063 65.21739130434783 
0.14320987654320988 48.38709677419355 
0.145679012345679 61.53846153846154 
0.13580246913580246 65.21739130434783 
0.13185185185185186 58.333333333333336 
0.20296296296296296 43.24324324324324 
0.13679012345679012 62.5 
0.13580246913580246 65.21739130434783 
0.2162962962962963 68.96551724137932 
0.21580246913580248 68.96551724137932 
0.214320987654321 68.96551724137932 
0.19160493827160494 67.85714285714286 
0.2162962962962963 68.96551724137932 
0.21777777777777776 68.96551724137932 
0.3254320987654321 47.72727272727273 
0.3135802469135802 47.61904761904761 
0.31308641975308643 47.61904761904761 
0.3298765432098766 47.72727272727273 
0.3135802469135802 47.61904761904761 
0.317037037037037 47.61904761904761 
0.6044444444444445 52.63157894736842 
0.46666666666666673 50.90909090909091 
0.43358024691358027 54.90196078431373 
0.44296296296296295 53.84615384615385 
0.43604938271604937 54.90196078431373 
0.5466666666666666 51.78571428571429 
0.2938271604938271 62.5 
0.2745679012345679 55.00000000000001 
0.30320987654320986 60.97560975609756 
0.30864197530864196 63.41463414634146 
0.3145679012345679 63.41463414634146 
0.2740740740740741 60.0 
8.43358024691358 41.49377593360996 
8.422716049382716 41.66666666666667 
8.447407407407407 41.32231404958678 
8.431111111111111 41.66666666666667 
8.456296296296296 41.32231404958678 
8.453333333333333 41.32231404958678 
7.972839506172839 41.596638655462186 
7.914074074074075 41.00418410041841 
8.346172839506174 41.66666666666667 
8.240493827160494 41.66666666666667 
8.024691358024691 41.00418410041841 
7.975308641975308 41.00418410041841 
28.283456790123456 57.02479338842975 
26.883456790123457 56.9060773480663 
27.94864197530864 57.02479338842975 
28.698765432098767 88.42975206611571 
28.147160493827162 57.02479338842975 
27.7041975308642 57.182320441988956 
27.57777777777778 57.10306406685237 
0.11358024691358025 78.94736842105263 
0.388641975308642 84.86842105263158 
26.232592592592592 56.62983425414365 
0.9486419753086419 56.53409090909091 
18.950123456790124 56.666666666666664 
0.12790123456790123 80.0 
0.10864197530864197 83.33333333333334 
0.11753086419753085 84.21052631578947 
9.481481481481481 52.083333333333336 
0.20888888888888887 56.25 
0.10814814814814815 83.33333333333334 
1.162962962962963 97.61904761904762 
0.10320987654320987 73.68421052631578 
0.12 75.0 
8.226666666666667 50.74183976261127 
2.2869135802469134 50.60606060606061 
0.11901234567901235 75.0 
0.24049382716049383 78.57142857142857 
0.24098765432098765 78.57142857142857 
0.24 78.57142857142857 
0.23851851851851852 78.57142857142857 
0.24098765432098765 78.57142857142857 
0.23851851851851852 78.57142857142857 
0.3185185185185185 53.65853658536586 
0.30419753086419754 53.65853658536586 
0.31555555555555553 56.09756097560976 
0.3190123456790124 56.09756097560976 
0.32049382716049385 56.09756097560976 
0.317037037037037 56.09756097560976 
0.5293827160493827 43.859649122807014 
0.5911111111111111 50.0 
0.4074074074074074 41.509433962264154 
0.8143209876543209 47.2972972972973 
0.37333333333333335 43.13725490196079 
0.620246913580247 51.724137931034484 
0.33185185185185184 52.38095238095239 
0.12395061728395063 66.66666666666666 
0.1451851851851852 50.0 
0.4034567901234568 15.24390243902439 
0.16790123456790124 48.57142857142857 
0.2074074074074074 47.22222222222222 
57.971358024691355 83.77777777777777 
58.28691358024691 83.77777777777777 
21.219753086419754 83.77777777777777 
17.70962962962963 50.13623978201635 
18.70617283950617 85.26077097505669 
58.418271604938276 83.77777777777777 
5.752098765432099 54.61538461538461 
0.7777777777777778 63.63636363636363 
1.5476543209876543 51.162790697674424 
9.63358024691358 47.26775956284153 
1.4330864197530864 51.36186770428015 
2.5387654320987654 54.230769230769226 
0.24345679012345678 57.57575757575758 
0.2449382716049383 57.57575757575758 
0.4271604938271605 19.047619047619047 
0.48691358024691356 19.53125 
0.4 19.2 
0.23555555555555557 57.57575757575758 
0.18962962962962962 62.06896551724138 
0.06864197530864198 93.33333333333333 
0.36493827160493825 19.166666666666668 
0.35012345679012347 19.166666666666668 
0.2834567901234568 19.444444444444446 
0.15061728395061727 58.620689655172406 
0.454320987654321 61.36363636363637 
0.44790123456790126 59.09090909090909 
0.46074074074074073 61.36363636363637 
0.4617283950617284 61.36363636363637 
0.454320987654321 61.36363636363637 
0.44691358024691363 59.09090909090909 
1.045432098765432 42.07119741100323 
1.1130864197530863 39.696969696969695 
5.987160493827161 54.65116279069767 
3.3604938271604943 54.360465116279066 
2.3209876543209877 52.76967930029155 
0.9037037037037038 50.78125 
0.37777777777777777 46.0 
0.1925925925925926 67.74193548387096 
0.1071604938271605 75.0 
0.2577777777777778 42.5531914893617 
0.12790123456790123 62.96296296296296 
0.21876543209876542 56.75675675675676 
0.45679012345679015 47.05882352941176 
0.14666666666666667 90.47619047619048 
0.1259259259259259 94.73684210526315 
0.4079012345679012 48.93617021276596 
0.1530864197530864 73.07692307692307 
0.18222222222222223 71.42857142857143 
3.718024691358025 66.18357487922705 
3.7279012345679012 66.18357487922705 
0.7520987654320987 90.2439024390244 
3.6879012345679008 87.17948717948718 
3.495308641975309 87.5 
3.7555555555555555 65.86538461538461 
3.5239506172839503 88.81578947368422 
3.444938271604938 88.1578947368421 
3.4044444444444446 88.74172185430463 
3.450864197530864 88.74172185430463 
3.435061728395062 88.74172185430463 
3.439012345679012 88.1578947368421 
0.4093827160493827 52.72727272727272 
0.3111111111111111 52.17391304347826 
0.3362962962962963 55.10204081632652 
0.557037037037037 55.932203389830505 
0.41234567901234565 51.85185185185185 
0.3471604938271605 49.056603773584904 
3.128395061728395 71.50837988826815 
23.29679012345679 78.8300835654596 
27.97679012345679 79.16666666666666 
29.551111111111112 78.94736842105263 
27.468148148148146 79.16666666666666 
22.861234567901235 78.8300835654596 
18.890864197530867 73.88724035608308 
17.563456790123457 61.57635467980296 
21.775308641975307 62.06896551724138 
24.6479012345679 73.60703812316716 
20.821234567901232 74.1839762611276 
17.940246913580246 73.02052785923753 
21.047901234567902 74.25149700598801 
4.740246913580247 65.45454545454545 
20.924938271604937 74.1839762611276 
18.881481481481483 72.67267267267268 
18.62864197530864 73.13432835820896 
17.84148148148148 73.03030303030303 
0.24395061728395062 51.42857142857142 
0.2276543209876543 51.42857142857142 
0.18271604938271604 60.0 
0.17283950617283952 56.666666666666664 
0.1837037037037037 60.0 
0.2745679012345679 18.181818181818183 
0.23061728395061729 52.94117647058824 
0.23358024691358023 52.94117647058824 
0.24395061728395062 51.42857142857142 
0.2454320987654321 51.42857142857142 
0.23604938271604936 52.94117647058824 
0.23259259259259257 52.94117647058824 
9.816790123456789 95.77464788732394 
10.836543209876544 95.77464788732394 
2.1935802469135806 95.30516431924883 
27.994567901234568 73.33333333333333 
27.909629629629627 73.33333333333333 
26.76 72.44444444444444 
0.3402469135802469 65.95744680851064 
0.3595061728395062 64.58333333333334 
0.24395061728395062 66.66666666666666 
0.23703703703703705 59.523809523809526 
0.2548148148148148 67.44186046511628 
0.3328395061728395 65.95744680851064 
0.4814814814814815 47.27272727272727 
0.4701234567901234 46.2962962962963 
0.482962962962963 47.27272727272727 
0.4804938271604938 47.27272727272727 
0.47703703703703704 47.27272727272727 
0.4696296296296297 46.2962962962963 
0.7649382716049382 28.688524590163933 
1.580246913580247 54.46428571428571 
9.879506172839505 54.700854700854705 
9.84641975308642 54.700854700854705 
4.845432098765432 52.70655270655271 
0.7051851851851851 27.27272727272727 
21.0879012345679 69.5754716981132 
21.16 69.5754716981132 
24.224691358024693 65.77777777777779 
24.18567901234568 65.77777777777779 
24.9037037037037 65.77777777777779 
20.82962962962963 70.81339712918661 
17.111604938271604 72.16748768472905 
15.798518518518517 71.70731707317073 
20.10567901234568 69.73995271867612 
20.243456790123457 66.51583710407239 
17.803950617283952 71.70731707317073 
9.588148148148148 71.46341463414633 
0.38469135802469134 61.36363636363637 
0.16790123456790124 63.33333333333333 
0.2582716049382716 52.63157894736842 
0.3496296296296296 63.41463414634146 
0.3111111111111111 56.41025641025641 
0.26814814814814814 55.26315789473685 
0.34370370370370373 65.0 
0.185679012345679 52.77777777777778 
0.38419753086419756 65.85365853658537 
0.4128395061728395 65.11627906976744 
0.3980246913580247 62.7906976744186 
0.2671604938271605 55.26315789473685 
30.907654320987653 98.08219178082192 
31.17086419753086 98.08219178082192 
33.13037037037037 98.08743169398907 
34.26172839506173 98.35616438356163 
32.01185185185185 98.35616438356163 
32.233086419753086 98.08219178082192 
26.42074074074074 99.16897506925207 
27.46172839506173 98.89502762430939 
28.514074074074074 98.62258953168043 
29.02962962962963 98.62258953168043 
28.24888888888889 98.89502762430939 
27.285432098765433 98.89502762430939 
0.5654320987654321 21.019108280254777 
0.16148148148148148 70.83333333333334 
0.15358024691358024 73.91304347826086 
0.3377777777777778 61.36363636363637 
0.1595061728395062 73.91304347826086 
0.16197530864197532 70.83333333333334 
0.30320987654320986 53.65853658536586 
0.1906172839506173 84.0 
0.21185185185185187 75.0 
30.986666666666668 52.130325814536334 
0.3358024691358025 54.54545454545454 
0.1945679012345679 84.0 
0.38419753086419756 26.717557251908396 
0.554074074074074 26.865671641791046 
0.7288888888888889 73.50993377483444 
0.5659259259259258 80.14705882352942 
0.3619753086419753 26.717557251908396 
0.40197530864197534 27.480916030534353 
0.33037037037037037 48.78048780487805 
0.254320987654321 55.88235294117647 
0.23703703703703705 55.88235294117647 
0.254320987654321 55.88235294117647 
0.23555555555555557 57.57575757575758 
0.2518518518518518 55.88235294117647 
26.483456790123455 81.00890207715133 
26.485925925925923 89.02077151335311 
26.595555555555556 89.02077151335311 
26.608395061728395 90.14925373134328 
26.555061728395064 89.02077151335311 
26.468641975308643 89.02077151335311 
25.71802469135803 76.94610778443113 
25.898765432098763 78.44311377245509 
26.45777777777778 91.36904761904762 
26.824691358024694 96.43916913946587 
26.58814814814815 91.0979228486647 
25.781234567901233 76.64670658682635 
19.609876543209875 86.72839506172839 
19.53925925925926 86.41975308641975 
19.542716049382715 88.85448916408669 
20.307160493827162 92.28395061728395 
19.664197530864197 88.88888888888889 
19.38074074074074 84.5679012345679 
0.19012345679012346 26.08695652173913 
0.16987654320987655 27.906976744186046 
0.17777777777777778 27.906976744186046 
0.2182716049382716 27.659574468085108 
0.1911111111111111 28.888888888888886 
0.1995061728395062 28.26086956521739 
0.26222222222222225 48.717948717948715 
0.21333333333333335 57.57575757575758 
0.11851851851851852 84.21052631578947 
0.2967901234567901 48.78048780487805 
0.1259259259259259 80.0 
0.1911111111111111 53.125 
0.3274074074074074 45.65217391304348 
0.16839506172839505 58.06451612903226 
0.11851851851851852 84.21052631578947 
0.15753086419753087 60.0 
0.12790123456790123 72.72727272727273 
0.2785185185185185 47.61904761904761 
0.46074074074074073 19.718309859154928 
0.15506172839506174 48.38709677419355 
0.145679012345679 60.0 
0.8558024691358026 74.50980392156863 
0.15506172839506174 57.692307692307686 
0.13580246913580246 62.5 
0.39012345679012345 17.93103448275862 
0.1925925925925926 47.05882352941176 
0.19851851851851854 47.05882352941176 
0.23901234567901236 41.46341463414634 
0.21037037037037035 44.44444444444444 
0.21333333333333335 44.44444444444444 
26.95851851851852 59.036144578313255 
0.6958024691358025 67.67676767676768 
0.10320987654320987 83.33333333333334 
32.39703703703704 57.57575757575758 
0.1037037037037037 83.33333333333334 
0.1471604938271605 70.37037037037037 
24.142716049382713 71.94029850746269 
0.12395061728395063 84.21052631578947 
0.11209876543209878 83.33333333333334 
22.464197530864197 69.91404011461319 
0.10518518518518517 83.33333333333334 
3.1269135802469137 91.015625 
21.534320987654322 81.06312292358804 
14.636049382716049 80.73089700996677 
22.98814814814815 80.71895424836602 
22.34024691358025 81.12582781456953 
22.550617283950615 81.12582781456953 
21.018765432098764 81.06312292358804 
21.46222222222222 81.0 
1.1550617283950617 79.7945205479452 
0.06567901234567901 80.0 
21.886913580246915 80.79470198675497 
0.07851851851851852 87.5 
8.375308641975309 79.26421404682274 
5.242962962962963 39.04761904761905 
5.247901234567901 39.04761904761905 
5.262222222222222 39.04761904761905 
5.258271604938272 39.04761904761905 
5.262222222222222 39.04761904761905 
5.254320987654321 39.04761904761905 
5.16 39.23444976076555 
5.152098765432099 39.23444976076555 
5.1214814814814815 39.23444976076555 
5.129382716049383 39.23444976076555 
5.10962962962963 39.23444976076555 
5.111604938271605 39.23444976076555 
0.8296296296296296 31.818181818181817 
0.7674074074074074 30.0 
0.7792592592592592 30.0 
10.862222222222222 50.733137829912025 
0.9362962962962964 32.592592592592595 
0.7328395061728394 30.0 
23.186666666666667 98.84393063583815 
0.18469135802469136 56.666666666666664 
0.24987654320987657 55.55555555555556 
8.207407407407407 50.43988269794721 
0.9441975308641974 99.24812030075188 
0.30320987654320986 17.46031746031746 
46.46469135802469 99.11111111111111 
45.95456790123457 98.44444444444444 
46.599012345679014 99.11111111111111 
47.51160493827161 99.55555555555556 
51.315061728395065 100.0 
46.15901234567901 99.11111111111111 
45.62962962962963 83.33333333333334 
45.71407407407408 83.55555555555556 
45.973827160493826 83.55555555555556 
46.3120987654321 99.11111111111111 
45.989135802469136 98.22222222222223 
45.61876543209877 83.33333333333334 
0.17234567901234568 74.07407407407408 
0.16839506172839505 76.92307692307693 
0.16049382716049382 74.07407407407408 
0.18419753086419752 74.07407407407408 
0.15703703703703703 76.92307692307693 
0.17333333333333334 74.07407407407408 
2.7846913580246913 92.01877934272301 
1.3723456790123456 70.95238095238095 
0.06864197530864198 85.71428571428571 
14.047407407407409 78.75457875457876 
0.10123456790123457 58.333333333333336 
2.4469135802469135 92.01877934272301 
23.599999999999998 64.6112600536193 
23.018271604938274 64.24731182795699 
23.44 64.1711229946524 
23.615308641975307 64.6112600536193 
23.608888888888888 64.6112600536193 
23.38567901234568 64.343163538874 
21.592098765432098 69.20821114369502 
21.912592592592592 69.50146627565982 
22.265185185185185 69.2982456140351 
22.2320987654321 69.2982456140351 
22.531851851851854 69.5906432748538 
21.81530864197531 69.20821114369502 
4.43604938271605 56.547619047619044 
4.433086419753087 56.547619047619044 
4.416296296296297 56.547619047619044 
4.405925925925926 56.547619047619044 
4.4148148148148145 56.547619047619044 
4.436543209876543 56.547619047619044 
4.275555555555555 56.547619047619044 
4.279506172839506 56.547619047619044 
4.275555555555555 55.952380952380956 
4.248888888888889 55.952380952380956 
4.260246913580247 55.952380952380956 
4.274567901234568 56.547619047619044 
14.088395061728395 59.76470588235294 
16.574814814814815 59.76470588235294 
30.615308641975307 73.00469483568075 
24.565432098765434 59.624413145539904 
2.025185185185185 34.80392156862745 
2.2720987654320988 35.57692307692308 
10.983703703703704 72.45508982035929 
0.7125925925925927 64.39628482972137 
21.293333333333333 73.23529411764706 
21.435555555555556 73.23529411764706 
20.57777777777778 71.76470588235294 
2.428148148148148 75.29761904761905 
0.3358024691358025 26.89075630252101 
0.522962962962963 26.82926829268293 
0.43506172839506174 27.049180327868854 
1.9669135802469138 80.80357142857143 
0.37777777777777777 27.27272727272727 
0.30271604938271607 88.23529411764706 
3.9679012345679014 64.64285714285715 
4.706666666666667 53.529411764705884 
9.5679012345679 53.62318840579711 
13.026172839506172 66.76300578034682 
10.732839506172839 53.91304347826087 
6.216296296296296 53.529411764705884 
1.6375308641975308 73.8197424892704 
1.3412345679012345 94.18604651162791 
0.1837037037037037 54.54545454545454 
6.050370370370371 54.44444444444444 
0.3906172839506173 57.14285714285714 
0.5965432098765432 31.756756756756754 
1.0641975308641975 86.5979381443299 
0.4093827160493827 57.446808510638306 
0.3595061728395062 35.53719008264463 
19.057283950617286 56.19834710743802 
1.093827160493827 53.29153605015674 
0.5476543209876543 95.20958083832335 
0.14320987654320988 69.23076923076923 
0.11012345679012345 94.44444444444444 
0.21580246913580248 73.33333333333333 
0.22518518518518515 74.19354838709677 
0.2202469135802469 70.96774193548387 
0.1308641975308642 78.26086956521739 
0.19851851851851854 55.55555555555556 
0.08839506172839506 76.47058823529412 
0.21777777777777776 60.0 
0.23604938271604936 61.111111111111114 
0.2651851851851852 59.45945945945946 
0.09432098765432098 82.35294117647058 
4.509135802469136 79.63800904977376 
1.6933333333333336 85.44303797468355 
1.173827160493827 27.27272727272727 
1.2701234567901236 86.53846153846155 
1.3081481481481483 86.53846153846155 
1.782716049382716 84.90566037735849 
0.7624691358024692 88.23529411764706 
1.022716049382716 88.31168831168831 
2.7871604938271606 69.09620991253644 
5.333827160493827 72.41379310344827 
2.365432098765432 74.4186046511628 
1.188641975308642 89.6103896103896 
29.661728395061726 61.75771971496437 
0.08839506172839506 82.35294117647058 
0.11160493827160495 75.0 
29.472098765432097 62.20095693779905 
29.86666666666667 61.75771971496437 
0.9876543209876543 75.49407114624506 
2.1116049382716047 66.21983914209115 
0.11555555555555555 72.72727272727273 
0.1091358024691358 88.88888888888889 
0.2869135802469136 20.491803278688526 
0.11012345679012345 88.88888888888889 
0.5901234567901235 77.35849056603774 
29.944691358024688 82.74932614555256 
30.609876543209875 85.44973544973546 
31.14222222222222 87.0712401055409 
31.64296296296296 84.63476070528966 
31.323456790123455 85.4881266490765 
30.886419753086418 85.44973544973546 
29.736296296296295 90.5027932960894 
19.994074074074074 93.82716049382715 
24.907654320987653 90.2654867256637 
25.29679012345679 90.0 
23.5120987654321 91.34328358208955 
20.009876543209877 93.82716049382715 
24.702716049382715 74.35158501440922 
23.064691358024692 73.48703170028818 
29.463703703703704 79.02298850574712 
34.3279012345679 84.38356164383562 
30.004938271604935 79.08309455587393 
22.63456790123457 71.46974063400576 
18.49530864197531 74.55621301775149 
10.535308641975309 63.372093023255815 
26.471604938271604 78.84057971014494 
28.6237037037037 79.53890489913545 
25.695308641975306 78.26086956521739 
13.625679012345678 69.76744186046511 
35.70765432098765 70.72538860103627 
34.22172839506173 69.35064935064935 
45.96246913580247 62.66666666666667 
38.083456790123456 62.58351893095768 
39.89382716049383 62.44444444444445 
34.748641975308644 69.61038961038962 
36.720000000000006 61.74496644295302 
0.15358024691358024 65.38461538461539 
47.39358024691358 64.0 
37.60148148148148 62.44444444444445 
41.952592592592595 62.44444444444445 
36.943703703703704 61.38392857142857 
11.950123456790124 73.43173431734317 
12.022716049382716 73.43173431734317 
2.791604938271605 98.5 
12.72 65.47231270358306 
8.075555555555555 96.1352657004831 
9.877037037037036 77.431906614786 
10.807407407407407 54.972375690607734 
3.6039506172839504 96.58536585365853 
7.647901234567901 96.58536585365853 
9.69530864197531 54.972375690607734 
6.344197530864197 99.0 
4.407407407407407 97.07317073170731 
25.83604938271605 73.74301675977654 
26.27753086419753 73.74301675977654 
28.65432098765432 95.72192513368985 
29.374320987654322 94.45910290237467 
26.6320987654321 97.54768392370572 
23.80641975308642 73.10924369747899 
14.749629629629629 73.23943661971832 
10.776296296296296 65.91549295774648 
15.09283950617284 73.52112676056338 
18.856296296296296 73.31460674157303 
11.068148148148147 65.91549295774648 
9.119506172839506 67.73255813953489 
3.0182716049382714 42.857142857142854 
3.01679012345679 42.857142857142854 
3.0439506172839503 43.20987654320987 
3.0735802469135804 43.82716049382716 
3.0503703703703704 43.47826086956522 
3.021728395061728 42.857142857142854 
3.034074074074074 44.099378881987576 
3.0251851851851854 44.099378881987576 
3.0241975308641975 44.099378881987576 
3.01679012345679 44.099378881987576 
3.02320987654321 44.099378881987576 
3.0241975308641975 44.375 
0.3639506172839506 74.0 
0.34469135802469136 72.0 
0.2854320987654321 72.0 
0.44543209876543205 84.0 
0.30962962962962964 72.0 
0.26814814814814814 69.38775510204081 
0.6938271604938272 58.333333333333336 
0.6730864197530865 56.666666666666664 
0.6691358024691358 58.333333333333336 
0.7634567901234568 90.1639344262295 
0.6967901234567901 59.01639344262295 
0.6834567901234567 56.666666666666664 
30.94716049382716 59.73333333333334 
0.14469135802469135 76.19047619047619 
0.14419753086419754 72.72727272727273 
32.093333333333334 60.266666666666666 
0.19358024691358025 15.2 
0.15506172839506174 72.72727272727273 
31.113580246913582 60.05361930294906 
0.11061728395061728 78.94736842105263 
0.12197530864197531 80.0 
0.6123456790123456 35.59322033898305 
0.11160493827160495 78.94736842105263 
0.11753086419753085 75.0 
24.207901234567903 63.55685131195335 
22.716543209876544 63.450292397660824 
24.314567901234568 62.93103448275862 
24.42814814814815 63.372093023255815 
23.990617283950616 63.372093023255815 
23.05185185185185 63.450292397660824 
23.798024691358023 63.1578947368421 
23.544691358024693 63.1578947368421 
46.86271604938271 95.77777777777777 
52.24395061728395 95.77777777777777 
46.72493827160494 94.66666666666667 
23.477530864197533 63.1578947368421 
25.82765432098765 67.94520547945206 
25.928395061728395 68.76712328767123 
25.8479012345679 68.21917808219177 
25.881975308641973 68.4931506849315 
25.594074074074076 67.3972602739726 
25.876543209876544 68.76712328767123 
25.119012345679014 83.6734693877551 
24.987160493827158 82.71186440677965 
28.092345679012347 80.0531914893617 
27.6 68.64864864864865 
27.475061728395062 68.02168021680217 
24.958024691358023 82.71186440677965 
0.3106172839506173 53.62318840579711 
0.19407407407407407 38.80597014925373 
0.21086419753086422 37.5 
0.2069135802469136 37.5 
0.2232098765432099 43.05555555555556 
0.23061728395061729 44.927536231884055 
7.369382716049383 82.01754385964912 
0.19555555555555554 54.929577464788736 
0.34370370370370373 56.94444444444444 
0.2508641975308642 56.33802816901409 
0.28641975308641976 56.33802816901409 
0.1837037037037037 54.929577464788736 
1.057283950617284 60.431654676258994 
1.4730864197530864 65.0 
1.279506172839506 63.829787234042556 
0.9580246913580247 51.14942528735632 
0.4676543209876543 25.185185185185183 
0.4108641975308642 18.045112781954884 
31.855802469135803 83.72641509433963 
30.811851851851852 87.10462287104623 
32.11555555555556 88.57142857142857 
31.35703703703704 88.54415274463007 
30.275555555555556 97.28260869565217 
26.174814814814816 95.2247191011236 
23.42074074074074 82.43243243243244 
26.846913580246913 83.16498316498317 
29.018765432098764 64.59948320413437 
28.44888888888889 64.76683937823834 
27.882962962962964 64.50777202072538 
25.563456790123457 82.82828282828282 
1.4493827160493828 90.7258064516129 
4.484938271604938 81.69014084507043 
26.285925925925923 84.30034129692832 
26.660740740740742 83.44594594594594 
23.83111111111111 83.56164383561644 
1.1160493827160494 81.68498168498168 
0.20493827160493827 48.57142857142857 
0.15358024691358024 44.11764705882353 
0.10320987654320987 70.0 
0.13333333333333333 44.11764705882353 
0.09925925925925927 68.42105263157895 
0.1891358024691358 45.714285714285715 
33.71308641975308 94.97354497354497 
0.11407407407407408 75.0 
0.11555555555555555 75.0 
0.1817283950617284 52.94117647058824 
0.1145679012345679 75.0 
12.390123456790123 73.62318840579711 
43.53333333333333 97.77777777777777 
43.82716049382716 97.77777777777777 
44.42172839506173 97.77777777777777 
45.0158024691358 97.77777777777777 
44.50172839506173 97.77777777777777 
43.86469135802469 97.77777777777777 
14.937777777777777 95.3623188405797 
15.36888888888889 95.37572254335261 
14.679012345679013 95.65217391304348 
14.522469135802469 95.3623188405797 
15.093333333333334 95.65217391304348 
15.365432098765433 95.65217391304348 
0.22469135802469137 57.57575757575758 
0.17728395061728394 62.5 
0.211358024691358 62.5 
1.8498765432098767 66.88741721854305 
0.2074074074074074 62.5 
0.2271604938271605 63.63636363636363 
0.4735802469135802 56.14035087719298 
0.2740740740740741 56.41025641025641 
0.18074074074074073 55.88235294117647 
0.16543209876543208 57.57575757575758 
0.23950617283950618 61.76470588235294 
0.24790123456790125 61.76470588235294 
20.227654320987654 66.57303370786516 
21.61777777777778 68.88297872340425 
1.1165432098765433 76.56765676567657 
1.2879012345679013 76.49006622516556 
0.4128395061728395 37.666666666666664 
19.74666666666667 64.05405405405405 
27.91901234567901 89.65517241379311 
35.3841975308642 91.005291005291 
33.80888888888889 91.005291005291 
33.49975308641975 91.005291005291 
22.262716049382718 73.01136363636364 
29.562469135802473 87.79840848806366 
0.3782716049382716 71.7948717948718 
0.38567901234567903 70.0 
0.3590123456790123 66.66666666666666 
0.3772839506172839 67.5 
0.36246913580246914 66.66666666666666 
0.37777777777777777 71.7948717948718 
0.47111111111111115 52.0 
0.465679012345679 50.0 
0.3896296296296296 51.06382978723404 
0.4069135802469136 50.0 
0.394074074074074 51.06382978723404 
0.4577777777777778 50.0 
21.000493827160494 82.79569892473118 
0.0765432098765432 70.58823529411765 
0.09037037037037036 63.1578947368421 
21.56691358024691 72.44582043343654 
21.28246913580247 83.51254480286738 
0.07555555555555556 64.70588235294117 
16.421728395061727 83.27272727272728 
0.08345679012345679 76.47058823529412 
0.08938271604938271 76.47058823529412 
21.57283950617284 82.43727598566308 
0.09333333333333334 76.47058823529412 
0.08246913580246915 70.58823529411765 
39.27506172839506 81.73302107728337 
24.60987654320988 62.98342541436463 
25.151604938271603 63.08539944903582 
25.164444444444445 63.08539944903582 
25.076049382716047 63.25966850828729 
25.263703703703705 63.08539944903582 
13.361481481481482 62.290502793296085 
0.16296296296296295 58.06451612903226 
0.6864197530864198 61.48148148148148 
13.874074074074075 62.849162011173185 
8.811358024691359 62.53521126760564 
7.997530864197532 59.77653631284916 
0.15654320987654322 75.0 
0.09185185185185185 94.11764705882352 
0.10962962962962963 89.47368421052632 
0.1688888888888889 76.0 
0.13037037037037036 90.0 
0.08987654320987655 88.23529411764706 
0.15555555555555556 65.38461538461539 
0.08987654320987655 87.5 
0.07703703703703704 93.33333333333333 
0.15061728395061727 68.0 
0.07209876543209877 86.66666666666667 
0.07703703703703704 87.5 
0.1397530864197531 90.47619047619048 
0.1308641975308642 90.0 
19.000987654320987 84.51612903225806 
0.35407407407407404 90.0 
0.334320987654321 92.3076923076923 
0.1397530864197531 90.47619047619048 
0.21481481481481482 77.41935483870968 
0.1639506172839506 75.86206896551724 
0.214320987654321 75.0 
0.23308641975308642 70.58823529411765 
0.20888888888888887 77.41935483870968 
0.1703703703703704 73.33333333333333 
26.245925925925928 84.87654320987654 
26.511604938271603 80.466472303207 
32.108148148148146 68.7192118226601 
35.27160493827161 68.7960687960688 
33.35851851851852 68.55036855036855 
26.482962962962965 80.466472303207 
20.879012345679012 66.35514018691589 
21.65037037037037 66.45962732919256 
21.669135802469135 66.77018633540372 
23.4958024691358 78.63777089783281 
22.431604938271605 67.70186335403726 
21.278024691358024 66.45962732919256 
25.092839506172837 100.0 
24.700246913580248 100.0 
17.282962962962962 98.89705882352942 
24.451851851851853 96.14035087719299 
11.626172839506173 98.8929889298893 
24.488888888888887 100.0 
18.70567901234568 100.0 
0.08049382716049383 64.70588235294117 
0.0982716049382716 21.666666666666668 
0.6903703703703703 100.0 
0.09925925925925927 21.666666666666668 
0.0874074074074074 66.66666666666666 
0.2908641975308642 43.18181818181818 
0.2962962962962963 42.22222222222222 
0.2849382716049383 40.909090909090914 
0.2765432098765432 41.86046511627907 
0.2760493827160494 41.86046511627907 
0.3002469135802469 42.22222222222222 
0.2730864197530864 60.526315789473685 
0.2716049382716049 60.526315789473685 
0.2533333333333333 52.63157894736842 
0.22271604938271602 47.368421052631575 
0.23901234567901236 50.0 
0.2632098765432099 60.526315789473685 
0.4167901234567901 100.0 
0.4187654320987655 100.0 
0.27999999999999997 81.25 
0.3135802469135802 84.375 
0.28987654320987655 84.375 
0.4232098765432099 100.0 
0.7644444444444444 55.73770491803278 
0.7432098765432099 56.666666666666664 
0.7466666666666667 53.2258064516129 
0.7698765432098765 56.666666666666664 
0.7481481481481481 51.61290322580645 
0.7698765432098765 56.666666666666664 
0.24641975308641978 48.717948717948715 
0.2454320987654321 48.717948717948715 
0.07604938271604939 48.38709677419355 
0.08395061728395062 51.515151515151516 
0.07851851851851852 51.61290322580645 
0.2637037037037037 51.28205128205128 
0.24049382716049383 41.12903225806452 
0.4622222222222222 87.75510204081633 
0.2488888888888889 58.333333333333336 
0.2582716049382716 33.68421052631579 
0.22074074074074074 61.76470588235294 
0.2661728395061729 41.12903225806452 
0.23555555555555557 74.19354838709677 
0.23308641975308642 74.19354838709677 
0.2202469135802469 70.96774193548387 
9.30320987654321 78.07807807807808 
0.2222222222222222 70.96774193548387 
0.23555555555555557 74.19354838709677 
0.28790123456790123 44.680851063829785 
0.20296296296296296 71.42857142857143 
0.1911111111111111 70.37037037037037 
0.19308641975308644 70.37037037037037 
0.19160493827160494 70.37037037037037 
0.24345679012345678 53.84615384615385 
0.18617283950617283 71.42857142857143 
0.18419753086419752 71.42857142857143 
0.1965432098765432 75.0 
0.20987654320987653 75.86206896551724 
0.2034567901234568 75.0 
0.19506172839506172 75.0 
0.30419753086419754 75.0 
0.23654320987654323 70.58823529411765 
0.14962962962962964 72.0 
0.1525925925925926 73.07692307692307 
0.145679012345679 72.0 
0.2854320987654321 72.22222222222221 
0.3165432098765432 16.39344262295082 
0.1945679012345679 53.125 
0.14962962962962964 55.172413793103445 
0.1906172839506173 54.83870967741935 
0.14320987654320988 55.172413793103445 
0.21530864197530863 52.94117647058824 
17.337283950617284 50.49261083743842 
17.119012345679014 53.44827586206896 
3.0320987654320986 72.0164609053498 
15.519506172839506 51.05882352941177 
4.528888888888889 71.42857142857143 
16.995555555555555 57.74647887323944 
14.284938271604938 68.45637583892618 
14.523950617283951 68.45637583892618 
20.99851851851852 65.24216524216524 
23.87358024691358 84.6590909090909 
22.474074074074075 65.05681818181817 
14.62814814814815 68.45637583892618 
22.47259259259259 66.0 
22.90074074074074 65.8119658119658 
23.040493827160493 65.8119658119658 
22.702716049382715 67.15116279069767 
22.875555555555554 65.8119658119658 
22.414814814814815 66.0919540229885 
9.295308641975309 64.80446927374301 
0.10617283950617284 63.63636363636363 
0.13728395061728396 55.172413793103445 
25.359012345679012 75.0 
0.23950617283950618 62.857142857142854 
0.1471604938271605 53.333333333333336 
2.262716049382716 63.817663817663814 
8.891851851851852 65.1685393258427 
24.275555555555556 65.08379888268156 
25.47061728395062 65.08379888268156 
13.72246913580247 63.40782122905028 
0.7249382716049383 63.89684813753582 
14.257283950617284 69.20152091254754 
14.26320987654321 69.20152091254754 
14.248888888888889 68.8212927756654 
14.123456790123456 68.44106463878326 
14.257777777777777 69.20152091254754 
14.266172839506172 69.20152091254754 
13.811358024691359 69.4980694980695 
13.109135802469135 69.64980544747081 
14.26814814814815 68.8212927756654 
13.781728395061728 69.1119691119691 
14.058765432098767 68.8212927756654 
13.799012345679012 69.4980694980695 
22.569876543209876 71.8232044198895 
25.383703703703702 72.09944751381215 
28.994567901234568 73.27823691460054 
29.261728395061727 73.27823691460054 
29.01185185185185 73.27823691460054 
25.750617283950618 72.37569060773481 
2.5925925925925926 98.73417721518987 
14.027160493827159 71.3091922005571 
27.989629629629633 72.37569060773481 
29.14074074074074 72.72727272727273 
26.692839506172838 72.09944751381215 
10.274074074074074 69.27374301675978 
0.19506172839506172 50.0 
0.1945679012345679 50.0 
0.1965432098765432 50.0 
0.2034567901234568 51.515151515151516 
0.197037037037037 50.0 
0.19506172839506172 50.0 
8.068148148148149 62.45954692556634 
12.401975308641976 62.25806451612903 
14.818765432098765 62.58064516129033 
19.48 62.70096463022507 
11.907160493827162 62.25806451612903 
5.811358024691358 62.13592233009708 
0.2854320987654321 45.45454545454545 
0.2804938271604938 47.61904761904761 
0.23160493827160494 47.5 
0.2641975308641975 46.34146341463415 
0.24839506172839504 46.34146341463415 
0.27061728395061724 46.34146341463415 
12.925432098765432 68.27794561933534 
0.2938271604938271 45.45454545454545 
0.23753086419753083 47.5 
0.27209876543209877 45.23809523809524 
0.2641975308641975 45.23809523809524 
0.28148148148148144 44.18604651162791 
1.4809876543209877 21.85792349726776 
1.48 21.85792349726776 
1.4987654320987653 21.85792349726776 
1.5387654320987654 21.85792349726776 
1.5061728395061729 21.85792349726776 
1.4661728395061728 21.85792349726776 
1.094320987654321 94.23076923076923 
1.5239506172839508 21.73913043478261 
1.5135802469135802 21.73913043478261 
1.511604938271605 21.85792349726776 
1.4992592592592593 21.85792349726776 
1.5135802469135802 21.85792349726776 
0.12641975308641976 48.148148148148145 
0.1269135802469136 48.148148148148145 
0.1595061728395062 45.16129032258064 
25.1279012345679 71.53284671532847 
0.15901234567901235 45.16129032258064 
0.12246913580246915 48.148148148148145 
0.105679012345679 34.285714285714285 
0.11160493827160495 38.88888888888889 
22.778271604938272 72.28915662650603 
23.43111111111111 72.23880597014926 
23.390123456790125 72.75449101796407 
0.09333333333333334 42.857142857142854 
13.396543209876544 85.71428571428571 
12.393086419753088 70.1195219123506 
13.487407407407407 82.14285714285714 
13.8 81.96078431372548 
13.428641975308642 82.14285714285714 
12.43604938271605 82.07171314741036 
16.341234567901232 73.66863905325444 
11.66469135802469 73.88724035608308 
0.2123456790123457 77.77777777777779 
0.21185185185185187 77.77777777777779 
0.211358024691358 77.77777777777779 
5.062716049382716 95.96412556053812 
16.93925925925926 73.8562091503268 
16.841975308641977 72.78688524590164 
16.934814814814814 72.87581699346404 
17.110123456790124 80.71895424836602 
17.02172839506173 80.06535947712419 
16.88543209876543 73.77049180327869 
16.633086419753088 67.21854304635761 
15.01925925925926 78.48101265822784 
16.569382716049383 82.37704918032787 
16.59456790123457 82.37704918032787 
16.44493827160494 82.64462809917356 
15.696296296296296 80.67226890756302 
5.567901234567901 60.74498567335244 
0.4775308641975309 87.5 
24.42962962962963 72.93447293447294 
25.215802469135802 72.93447293447294 
24.77283950617284 72.93447293447294 
3.648888888888889 78.22878228782287 
0.1965432098765432 70.0 
0.18419753086419752 75.0 
0.2069135802469136 73.33333333333333 
0.20641975308641974 73.33333333333333 
0.2069135802469136 73.33333333333333 
0.1837037037037037 75.0 
0.16740740740740742 62.06896551724138 
0.11802469135802468 71.42857142857143 
0.11061728395061728 66.66666666666666 
0.47111111111111115 17.687074829931973 
0.13876543209876543 72.72727272727273 
0.12197530864197531 71.42857142857143 
0.17135802469135802 50.0 
0.11209876543209878 75.0 
0.0997530864197531 70.0 
0.33827160493827163 17.26618705035971 
0.11802469135802468 71.42857142857143 
0.11555555555555555 75.0 
0.2948148148148148 55.00000000000001 
0.27999999999999997 58.333333333333336 
0.2883950617283951 56.75675675675676 
0.30864197530864196 57.49999999999999 
0.2874074074074074 56.75675675675676 
0.28148148148148144 58.333333333333336 
0.2869135802469136 43.18181818181818 
0.1688888888888889 51.42857142857142 
0.23160493827160494 48.717948717948715 
0.3358024691358025 45.65217391304348 
0.2948148148148148 43.18181818181818 
0.18666666666666668 54.285714285714285 
0.16543209876543208 47.368421052631575 
0.11061728395061728 100.0 
0.105679012345679 100.0 
0.3175308641975309 48.837209302325576 
0.1091358024691358 100.0 
0.11209876543209878 100.0 
0.13777777777777778 90.0 
0.11012345679012345 94.11764705882352 
0.11753086419753085 94.44444444444444 
1.3051851851851852 81.54761904761905 
0.11604938271604938 94.44444444444444 
0.1091358024691358 94.11764705882352 
0.17185185185185187 56.666666666666664 
0.11703703703703705 78.94736842105263 
0.11061728395061728 78.94736842105263 
0.15160493827160493 48.484848484848484 
0.11259259259259258 78.94736842105263 
0.11753086419753085 78.94736842105263 
0.12641975308641976 71.42857142857143 
0.10765432098765432 73.68421052631578 
0.10469135802469137 68.42105263157895 
0.13135802469135802 46.875 
0.10271604938271604 68.42105263157895 
0.11358024691358025 70.0 
29.803456790123455 68.48137535816619 
29.800987654320988 68.48137535816619 
29.916543209876544 68.76790830945558 
30.13679012345679 69.14285714285714 
29.961975308641975 68.85714285714286 
29.79456790123457 68.48137535816619 
29.613333333333337 68.67816091954023 
29.529876543209877 68.67816091954023 
29.583209876543208 68.67816091954023 
29.801481481481478 68.76790830945558 
29.622222222222224 68.67816091954023 
29.632098765432097 68.67816091954023 
19.454320987654324 65.71428571428571 
12.63753086419753 79.05138339920948 
19.51851851851852 66.0968660968661 
19.628641975308643 66.0968660968661 
19.47358024691358 66.28571428571428 
18.775308641975307 77.01149425287356 
19.38222222222222 67.05202312138728 
18.092345679012347 66.0919540229885 
19.732839506172837 67.24137931034483 
19.96345679012346 67.24137931034483 
19.669135802469135 67.24137931034483 
17.85333333333333 66.28242074927954 
0.6153086419753087 17.687074829931973 
0.29975308641975307 48.888888888888886 
0.4246913580246914 39.34426229508197 
0.5777777777777777 39.682539682539684 
0.554074074074074 39.682539682539684 
0.3920987654320988 41.07142857142857 
0.36098765432098767 61.53846153846154 
0.291358024691358 65.78947368421053 
0.3703703703703704 62.5 
1.3239506172839506 30.263157894736842 
0.3496296296296296 64.1025641025641 
0.35012345679012347 61.53846153846154 
0.31950617283950616 68.57142857142857 
0.32296296296296295 71.42857142857143 
0.32049382716049385 70.58823529411765 
0.32246913580246916 73.52941176470588 
0.3180246913580247 70.58823529411765 
0.3190123456790124 70.58823529411765 
0.739753086419753 57.6271186440678 
0.6291358024691358 55.35714285714286 
0.6246913580246913 55.35714285714286 
0.6172839506172839 55.35714285714286 
0.6167901234567902 53.57142857142857 
0.6281481481481481 53.57142857142857 
16.067654320987653 95.260663507109 
16.411851851851853 62.616822429906534 
16.319506172839507 81.30841121495327 
16.242962962962963 85.29411764705883 
16.202962962962964 72.56317689530685 
16.05432098765432 95.260663507109 
15.199506172839506 96.15384615384616 
15.691851851851851 95.69377990430623 
15.875061728395062 95.23809523809523 
15.811851851851852 95.23809523809523 
15.816296296296295 95.23809523809523 
13.648395061728394 96.15384615384616 
17.593580246913582 63.94984326018809 
17.106172839506172 63.63636363636363 
17.394074074074073 63.46749226006192 
17.610864197530866 93.61111111111111 
17.404444444444444 63.66459627329193 
17.14024691358025 63.63636363636363 
16.919012345679015 79.18660287081339 
15.995061728395063 78.94736842105263 
16.908148148148147 90.95890410958904 
17.40740740740741 79.66507177033493 
17.02469135802469 79.42583732057416 
16.560493827160492 78.94736842105263 
0.13530864197530862 51.61290322580645 
0.11259259259259258 53.333333333333336 
0.17925925925925926 50.0 
0.1906172839506173 48.57142857142857 
0.1688888888888889 51.515151515151516 
0.11901234567901235 51.61290322580645 
0.19901234567901235 48.57142857142857 
0.15753086419753087 53.333333333333336 
0.1649382716049383 53.333333333333336 
0.16444444444444445 53.333333333333336 
0.15753086419753087 53.333333333333336 
0.16296296296296295 56.666666666666664 
21.959012345679014 78.63777089783281 
22.233086419753086 78.08641975308642 
23.81679012345679 84.24242424242424 
23.418765432098766 86.06811145510835 
24.59358024691358 81.52492668621701 
23.089382716049382 85.80246913580247 
24.305679012345678 79.87421383647799 
22.951604938271604 77.27272727272727 
25.78864197530864 77.93296089385476 
24.426172839506172 87.1875 
25.196543209876545 84.54545454545455 
23.425185185185185 78.94736842105263 
13.723456790123457 76.92307692307693 
0.15604938271604937 55.45454545454545 
0.11753086419753085 56.481481481481474 
0.334320987654321 40.666666666666664 
0.28641975308641976 40.666666666666664 
1.3925925925925926 87.17948717948718 
9.578271604938271 90.06211180124224 
5.2 87.25099601593625 
10.558518518518518 89.75155279503106 
9.985185185185186 89.75155279503106 
11.167407407407408 90.37267080745342 
8.998518518518518 90.06211180124224 
28.757037037037037 84.28184281842819 
28.319012345679013 67.94520547945206 
28.36246913580247 67.57493188010899 
28.73777777777778 85.24590163934425 
28.385679012345676 67.94520547945206 
28.38320987654321 68.21917808219177 
28.53333333333333 85.9504132231405 
0.08493827160493828 66.66666666666666 
0.09333333333333334 68.42105263157895 
28.55506172839506 85.67493112947659 
26.152592592592594 67.95580110497238 
28.70567901234568 67.75067750677508 
0.14074074074074072 80.95238095238095 
0.1071604938271605 88.88888888888889 
0.13037037037037036 80.95238095238095 
26.1758024691358 59.436619718309856 
0.15604938271604937 75.0 
0.11654320987654321 84.21052631578947 
0.15753086419753087 62.96296296296296 
0.1145679012345679 84.21052631578947 
0.19209876543209878 60.0 
0.26271604938271603 58.82352941176471 
0.21925925925925926 61.29032258064516 
0.12938271604938273 78.26086956521739 
15.041975308641975 77.5 
15.115555555555554 77.91666666666667 
15.542222222222222 78.099173553719 
15.2 77.91666666666667 
15.474074074074073 78.42323651452283 
15.092345679012345 77.5 
43.702716049382715 81.79419525065963 
24.63358024691358 84.19618528610354 
25.50864197530864 81.9628647214854 
25.879506172839505 81.3157894736842 
25.462222222222223 83.51351351351352 
24.772345679012346 84.19618528610354 
3.9812345679012346 91.05691056910568 
0.6824691358024692 91.39344262295081 
19.8079012345679 76.49006622516556 
21.514567901234567 77.30263157894737 
19.47259259259259 76.15894039735099 
0.2054320987654321 67.11711711711712 
0.9674074074074075 97.77777777777777 
0.09925925925925927 61.904761904761905 
19.174814814814813 74.3421052631579 
18.925432098765434 75.58528428093646 
18.962962962962962 75.58528428093646 
0.12493827160493828 51.30890052356021 
0.22172839506172842 72.41379310344827 
0.21679012345679013 75.0 
0.22962962962962963 72.41379310344827 
5.979259259259259 76.35135135135135 
0.2449382716049383 70.0 
0.21925925925925926 72.41379310344827 
0.5634567901234568 45.0 
0.5624691358024692 45.0 
0.5590123456790124 45.0 
0.5659259259259258 45.0 
0.5555555555555556 45.0 
0.5590123456790124 45.0 
